name: fetch_cuda_8.0
channels:
  - anaconda
  - conda-forge
  - defaults
dependencies:
  - blas=1.0=mkl
  - bleach=1.5.0=py36_0
  - ca-certificates=2019.9.11=hecc5488_0
  - certifi=2019.9.11=py36_0
  - cloudpickle=1.2.2=py_0
  - cudatoolkit=8.0=3
  - cudnn=7.0.5=cuda8.0_0
  - cycler=0.10.0=py36_0
  - cytoolz=0.10.0=py36h7b6447c_0
  - dask-core=2.6.0=py_0
  - dbus=1.13.12=h746ee38_0
  - decorator=4.4.1=py_0
  - expat=2.2.6=he6710b0_0
  - fontconfig=2.13.0=h9420a91_0
  - freetype=2.9.1=h8a8886c_1
  - glib=2.56.2=hd408876_0
  - gst-plugins-base=1.14.0=hbbd80ab_1
  - gstreamer=1.14.0=hb453b48_1
  - h5py=2.9.0=py36h7918eee_0
  - hdf5=1.10.4=hb1b8bf9_0
  - html5lib=0.9999999=py36_0
  - icu=58.2=h211956c_0
  - imageio=2.6.1=py36_0
  - intel-openmp=2019.5=281
  - joblib=0.13.2=py36_0
  - jpeg=9b=habf39ab_1
  - keras=2.0.8=py36hc0b6f7c_0
  - kiwisolver=1.1.0=py36he6710b0_0
  - libedit=3.1.20181209=hc058e9b_0
  - libffi=3.2.1=h4deb6c0_3
  - libgcc-ng=9.1.0=hdf63c60_0
  - libgfortran-ng=7.3.0=hdf63c60_0
  - libpng=1.6.37=hbc83047_0
  - libprotobuf=3.9.2=hd408876_0
  - libstdcxx-ng=9.1.0=hdf63c60_0
  - libtiff=4.0.10=h2733197_2
  - libuuid=1.0.3=h1bed415_2
  - libxcb=1.13=h1bed415_1
  - libxml2=2.9.9=hea5a465_1
  - llvmlite=0.30.0=py36hd408876_0
  - markdown=3.1.1=py36_0
  - matplotlib=3.1.1=py36h5429711_0
  - mkl=2019.5=281
  - mkl-service=2.3.0=py36he904b0f_0
  - mkl_fft=1.0.14=py36ha843d7b_0
  - mkl_random=1.1.0=py36hd6b4f25_0
  - ncurses=6.1=he6710b0_1
  - networkx=2.4=py_0
  - numba=0.46.0=py36h962f231_0
  - numpy=1.17.2=py36haad9e8e_0
  - numpy-base=1.17.2=py36hde5b4d6_0
  - olefile=0.46=py36_0
  - openssl=1.1.1c=h516909a_0
  - pandas=0.25.2=py36he6710b0_0
  - pcre=8.43=he6710b0_0
  - pillow=6.2.0=py36h34e0f95_0
  - pip=19.3.1=py36_0
  - protobuf=3.9.2=py36he6710b0_0
  - pyparsing=2.4.2=py_0
  - pyqt=5.9.2=py36h22d08a2_1
  - python=3.6.9=h265db76_0
  - python-dateutil=2.8.0=py36_0
  - pytz=2019.3=py_0
  - pywavelets=1.1.1=py36h7b6447c_0
  - pyyaml=3.13=py36h14c3975_0
  - qt=5.9.7=h5867ecd_1
  - readline=7.0=h7b6447c_5
  - scikit-image=0.15.0=py36he6710b0_0
  - scikit-learn=0.21.3=py36hd81dba3_0
  - scipy=1.3.1=py36h7c811a0_0
  - setuptools=41.6.0=py36_0
  - sip=4.19.13=py36he6710b0_0
  - six=1.12.0=py36_0
  - sqlite=3.30.1=h7b6447c_0
  - tbb=2019.8=hfd86e86_0
  - tensorflow=1.4.1=0
  - tensorflow-base=1.4.1=py36hd00c003_2
  - tensorflow-gpu=1.4.1=0
  - tensorflow-gpu-base=1.4.1=py36h01caf0a_0
  - tensorflow-tensorboard=1.5.1=py36hf484d3e_1
  - tk=8.6.8=hbc83047_0
  - toolz=0.10.0=py_0
  - tornado=6.0.3=py36h7b6447c_0
  - tqdm=4.36.1=py_0
  - werkzeug=0.16.0=py_0
  - wheel=0.33.6=py36_0
  - xz=5.2.4=h14c3975_4
  - yaml=0.1.7=h96e3832_1
  - zlib=1.2.11=h7b6447c_3
  - zstd=1.3.7=h0b5b093_0
prefix: /home/dagarwal/soft/conda/envs/fetch_cuda_8.0

